Total training time: 1917.89 seconds
Number of model parameters: 9750922
VGG11(
  (features): Sequential(
    (0): Conv2d(3, 64, kernel_size=(3, 3), stride=(1, 1), padding=(1, 1))
    (1): ReLU()
    (2): MaxPool2d(kernel_size=2, stride=2, padding=0, dilation=1, ceil_mode=False)
    (3): Conv2d(64, 128, kernel_size=(3, 3), stride=(1, 1), padding=(1, 1))
    (4): ReLU()
    (5): MaxPool2d(kernel_size=2, stride=2, padding=0, dilation=1, ceil_mode=False)
    (6): Conv2d(128, 256, kernel_size=(3, 3), stride=(1, 1), padding=(1, 1))
    (7): ReLU()
    (8): Conv2d(256, 256, kernel_size=(3, 3), stride=(1, 1), padding=(1, 1))
    (9): ReLU()
    (10): MaxPool2d(kernel_size=2, stride=2, padding=0, dilation=1, ceil_mode=False)
    (11): Conv2d(256, 512, kernel_size=(3, 3), stride=(1, 1), padding=(1, 1))
    (12): ReLU()
    (13): Conv2d(512, 512, kernel_size=(3, 3), stride=(1, 1), padding=(1, 1))
    (14): ReLU()
    (15): MaxPool2d(kernel_size=2, stride=2, padding=0, dilation=1, ceil_mode=False)
    (16): Conv2d(512, 512, kernel_size=(3, 3), stride=(1, 1), padding=(1, 1))
    (17): ReLU()
    (18): Conv2d(512, 512, kernel_size=(3, 3), stride=(1, 1), padding=(1, 1))
    (19): ReLU()
    (20): MaxPool2d(kernel_size=2, stride=2, padding=0, dilation=1, ceil_mode=False)
  )
  (classifier): Sequential(
    (0): Linear(in_features=512, out_features=512, bias=True)
    (1): ReLU()
    (2): Linear(in_features=512, out_features=512, bias=True)
    (3): ReLU()
    (4): Linear(in_features=512, out_features=10, bias=True)
  )
)
Training losses: [1.7785007712786154, 1.333956186118943, 1.0376303378883225, 0.8448193073272705, 0.7107894927491922, 0.5947276359933722, 0.4991915535439006, 0.412791034182929, 0.3397129054950631, 0.28418477607505094, 0.23481826550896515, 0.20485338495324945, 0.16979825725335904, 0.148709354364811, 0.13754014820432114, 0.12596610431914287, 0.12404487011453989, 0.10682531185162342, 0.10543776117741605, 0.08831245200637051, 0.08934914206137971, 0.08107347414373894, 0.08470135824540463, 0.08502442059595414, 0.08061308483176334, 0.0809516538234661, 0.07613423669024769, 0.07136645866200671, 0.0711456705277781, 0.0637861654160025, 0.06682302404428496, 0.07443609193165113, 0.0615314610922933, 0.07122298637809961, 0.06665216274488041, 0.06453866149713297, 0.05916473898671024, 0.057551467837348984, 0.08407140001261612, 0.05510870641862016, 0.0563557642226791, 0.050551666670045375, 0.04908396854661429, 0.06835642724138354, 0.06841462013452217, 0.0574429163326988, 0.05574169698411889, 0.04535707793882726, 0.05638481670594, 0.057276450588827583, 0.04181025529218078, 0.08098009478567583, 0.038503488138838506, 0.04687108451862584, 0.15527605220837437, 0.059280002966065844, 0.027817688707653505, 0.030670091199278927, 0.04804126083966383, 0.05417187265960066, 0.052869993448972016, 0.03716809798316087, 0.15522384737639705, 0.04070001692288434, 0.03729896657103363, 0.032110435731058894, 0.03440099690303616, 0.05773729956952993, 0.04241631149872304, 0.02879682463600331, 0.044574138629809974, 0.033617722495548195, 0.04578701217981565, 0.06329519017045732, 0.04697041647319528, 0.04290390827024922, 0.07156083480659825, 0.04039324313262835, 0.04565306150388983, 0.03515077528708717, 0.03792961887286409, 0.09067706354236339, 0.04249706826737874, 0.036647964067429026, 0.05675588192565895, 0.02979758790369048, 0.04105306577476044, 0.031213608078460287, 0.0522731491776905, 0.117832015599142, 0.036261507052504825, 0.014220698216870187, 0.01923688014190572, 0.035811227901577904, 0.03416469744186315, 0.2555431097376999, 0.09104116948778786, 0.024365041734446185, 0.029552297767155265, 0.02379712405415964]
Training accuracies: [30.75, 50.694, 63.29, 70.444, 75.612, 79.5, 82.842, 85.76, 88.456, 90.436, 92.02, 93.16, 94.35, 95.222, 95.506, 95.932, 96.102, 96.658, 96.762, 97.148, 97.236, 97.472, 97.276, 97.438, 97.456, 97.598, 97.77, 97.756, 97.84, 97.984, 97.914, 97.754, 98.108, 97.8, 97.93, 98.134, 98.17, 98.296, 97.702, 98.35, 98.32, 98.56, 98.564, 98.046, 98.074, 98.298, 98.514, 98.612, 98.368, 98.386, 98.828, 97.798, 98.87, 98.732, 95.984, 98.368, 99.222, 99.096, 98.72, 98.518, 98.474, 98.896, 95.652, 98.84, 99.086, 99.104, 99.122, 98.438, 98.792, 99.164, 98.814, 99.116, 98.78, 98.48, 98.778, 98.87, 98.044, 98.956, 98.846, 99.088, 99.056, 97.906, 99.16, 99.026, 98.626, 99.258, 98.98, 99.204, 98.678, 96.824, 99.1, 99.586, 99.49, 99.104, 99.158, 94.954, 97.534, 99.378, 99.352, 99.332]
Testing losses: [1.4718096452423288, 1.1425119510179833, 0.9588209405730043, 0.9182310873949076, 0.778340973431551, 0.7822463965114159, 0.7826034192797504, 0.8193392048153696, 0.8630804649636715, 0.8858523387697679, 1.0070450660548633, 0.9925488361829444, 1.0561354733720612, 1.0652783256542833, 1.2356129477295694, 1.2955986729151086, 1.3191615169561361, 1.3263426370258573, 1.1897096181217628, 1.4100044482870946, 1.620401970947845, 1.5794013700907743, 1.375659366951713, 1.4421704237974142, 1.4008882649337189, 1.4805615053901189, 1.378085675873334, 1.3894088494626782, 1.2237655980677544, 1.475379380244243, 1.476319761215886, 1.5721959079368204, 1.4281309277196474, 1.5991352034520498, 1.5476779983013491, 1.4047026355055314, 1.5319394076926798, 1.4871705400792858, 1.6582249154018451, 1.6508584709107121, 1.5325116733961468, 1.589446973951557, 1.51106262433378, 1.34000555397589, 1.408882499495639, 1.6564345744591724, 1.7231169773053518, 1.6940406681616096, 1.7891816511938843, 1.5683826004402548, 1.6626785850223107, 1.7519369019737727, 1.6876481288596044, 1.7427658084072644, 1.3994344653962534, 1.7316887574859812, 1.7180568145800241, 1.640112787107878, 1.6533575208881233, 1.9177844607377355, 1.6881744235376768, 1.650496962704236, 1.2712527245660372, 1.7238141245479826, 1.640928552875036, 1.7101024887229823, 1.5564607593077648, 1.558851244328897, 1.6473694745498368, 1.8232128061825716, 1.837656942349446, 1.5755523043342783, 1.9024497187590297, 1.886964029149164, 1.6854396967948237, 1.869795621195926, 1.8094937823995758, 1.6412011060533644, 1.7704049273382259, 1.86059978792939, 2.021041209184671, 1.7120403979398027, 1.792629980588261, 1.7929722576201716, 1.8485684432560885, 1.757476028007797, 1.840724627428417, 1.657282124591779, 1.7411835186089142, 1.6125438054905663, 2.098129530496235, 1.8485160288931448, 1.8456308856795105, 2.0698093749299833, 2.0721654424184486, 1.24075561837305, 1.6216362729857239, 1.81354558467865, 1.7380990559541727, 1.8005882818487626]
Testing accuracies: [43.87, 58.76, 66.6, 69.16, 73.79, 73.68, 74.93, 74.81, 75.42, 75.59, 74.16, 75.16, 75.54, 75.67, 75.14, 75.56, 75.41, 75.46, 75.06, 75.62, 75.43, 74.52, 75.18, 75.04, 74.82, 75.33, 75.53, 75.17, 75.61, 75.64, 75.33, 75.14, 74.48, 75.71, 76.27, 75.51, 76.65, 76.25, 76.04, 76.44, 76.15, 76.42, 75.58, 75.64, 74.99, 76.0, 75.66, 76.33, 75.41, 76.78, 76.0, 74.76, 75.71, 76.61, 74.57, 76.48, 76.48, 75.74, 75.56, 75.74, 75.82, 76.34, 76.06, 76.46, 76.49, 76.59, 75.54, 75.45, 75.42, 77.27, 76.88, 74.93, 76.16, 76.53, 75.51, 76.38, 76.57, 75.76, 77.26, 76.0, 76.77, 76.43, 77.36, 77.31, 76.83, 76.4, 76.95, 76.74, 76.32, 75.87, 76.27, 77.32, 76.05, 76.63, 76.67, 74.23, 76.55, 77.25, 77.01, 77.85]
